0 0.086328 0.337500 0.136719 0.208333
0 0.226562 0.335417 0.131250 0.208333
0 0.362891 0.336458 0.127344 0.210417
0 0.504688 0.335938 0.135938 0.217708
0 0.648438 0.332813 0.131250 0.211458
0 0.784766 0.335938 0.119531 0.217708
0 0.920703 0.335938 0.130469 0.211458
0 0.084375 0.544792 0.131250 0.185417
0 0.227344 0.552083 0.134375 0.187500
0 0.365625 0.558854 0.126562 0.201042
0 0.502344 0.553646 0.126562 0.186458
0 0.639453 0.555729 0.119531 0.194792
0 0.780859 0.558333 0.136719 0.208333
0 0.923047 0.555729 0.119531 0.203125
0 0.080078 0.760938 0.127344 0.207292
0 0.223828 0.759375 0.127344 0.191667
0 0.501953 0.767188 0.122656 0.201042
0 0.639844 0.760938 0.129688 0.188542
0 0.779297 0.774479 0.133594 0.201042
0 0.920703 0.760938 0.121094 0.188542
